algo,k,efficiency_mean,cov_mean,balance_cv_mean,balance_entropy_mean,global_R_max_mean,global_mean_mean,global_median_mean,global_p90_mean,div_min_sep_mean,div_mean_mean,div_median_mean,div_p10_mean,div_p90_mean,efficiency_std,cov_std,balance_cv_std,balance_entropy_std,global_R_max_std,global_mean_std,global_median_std,global_p90_std,div_min_sep_std,div_mean_std,div_median_std,div_p10_std,div_p90_std
Dummy 1 (Full Random),10,0.78,0.00028920430762205564,0.06123724356957947,0.9959139529056651,256661.0100000001,252920.5381993753,256661.0100000001,256661.0100000001,279.51079999999996,2705.265242857142,2795.1079999999997,2795.1079999999997,2795.1079999999997,0.07483314773547886,3.044255869705849e-05,0.12247448713915894,0.008172094181100776,102419.65370989818,99854.76075474861,102419.65370989818,102419.65370989818,559.0215999999999,5410.530485714284,5590.215999999999,5590.215999999999,5590.215999999999
Dummy 1 (Full Random),20,0.73,0.0005479660565470528,0.04677071733467427,0.9983674692222143,487540.91599999985,459334.4119658826,487540.91599999985,487540.91599999985,2415.1614,25036.081517051276,25277.284,25277.284,25277.284,0.11661903789690602,8.542921846586112e-05,0.09354143466934854,0.003265061544859175,202733.23426280852,185731.86603710128,202733.23426280852,202733.23426280852,4133.478469531133,40731.07613829509,41138.99331177154,41138.99331177154,41138.99331177154
Dummy 1 (Full Random),50,0.72,0.0013394725826705734,0.12799773222169109,0.9977339087284577,615589.5959999999,549775.9337439839,615589.5959999999,615589.5959999999,4775.965399999999,192428.9316944737,193585.09799999997,193585.09799999997,193585.09799999997,0.08671793355471519,0.00015671266244510063,0.06441162969864477,0.0011839054072221153,121008.08676152598,105935.08534280348,121008.08676152598,121008.08676152598,2940.020562808539,176373.25663265795,177638.69583987753,177638.69583987753,177638.69583987753
Dummy 1 (Full Random),100,0.642,0.0023821302180448267,0.13566245364269186,0.9977181181178001,593294.4139999998,500573.47371523676,593294.4139999998,593294.4139999998,6237.240800000001,411466.5380929937,412982.7420000001,412982.7420000001,412982.7420000001,0.03919183588453086,0.0001711971061182237,0.0723844713696204,0.001392225402288315,93006.22746463308,78825.93232439167,93006.22746463308,93006.22746463308,8363.528077662953,167170.36511034198,168374.08375404836,168374.08375404836,168374.08375404836
Dummy 1 (Full Random),200,0.685,0.004794702994786712,0.2919895759233346,0.9931148848608107,539096.8920000002,415714.5495829613,539096.8920000002,539096.8920000002,612.0476000000001,579999.9642335726,581600.7619999998,581600.7619999998,581600.7619999998,0.01581138830084188,0.00013614326131130037,0.05303412392497088,0.002070629085847564,75302.05079373924,57270.6626900025,75302.05079373924,75302.05079373924,290.1479697289643,201810.76299188248,202774.46679656787,202774.46679656787,202774.46679656787
Dummy 1 (Full Random),500,0.7028,0.0111648084021462,0.4655008473463032,0.9863074952159149,456253.3839999998,290907.4971373153,456253.3839999998,456253.3839999998,267.4648,755256.7308740964,757543.5979999995,757543.5979999995,757543.5979999995,0.009682974749528167,0.0002576401062416493,0.03609385831447647,0.0017481943711131775,104017.17657232183,63646.96277578505,104017.17657232183,104017.17657232183,188.20793227215484,95046.670098089,95360.27895977841,95360.27895977841,95360.27895977841
Dummy 2 (Pruned Random),10,1.0,0.0003805319837132311,0.0,0.9999999999956568,462725.80599999975,435015.4325203436,462725.80599999975,462725.80599999975,0.0,0.0,0.0,0.0,0.0,0.0,0.0,0.0,0.0,321411.5348611859,291126.6348314623,321411.5348611859,321411.5348611859,0.0,0.0,0.0,0.0,0.0
Dummy 2 (Pruned Random),20,1.0,0.0007610639674264622,0.0,0.9999999999933238,518659.8219999996,478601.78347692674,518659.8219999996,518659.8219999996,4716.273400000004,48285.65616526313,48516.18199999998,48516.18199999998,48516.18199999998,0.0,0.0,0.0,0.0,228232.25319112517,198384.47640015866,228232.25319112517,228232.25319112517,9432.546800000007,96571.31233052626,97032.36399999994,97032.36399999994,97032.36399999994
Dummy 2 (Pruned Random),50,1.0,0.001872217359869097,0.09379227802870582,0.9984709436350802,626551.678,545070.0868665271,626551.678,626551.678,56361.088399999986,450006.1078313471,451426.3120000001,451426.3120000001,451426.3120000001,0.0,2.8476406155287103e-05,0.07901271152280463,0.0014188255220167556,113068.6805839674,93418.3551896624,113068.6805839674,113068.6805839674,101360.85941661037,132936.06562501434,133764.9223194909,133764.9223194909,133764.9223194909
Dummy 2 (Pruned Random),100,1.0,0.0036150538452756954,0.21836863414132854,0.995834155647508,474401.4039999998,379539.224580543,474401.4039999998,474401.4039999998,1269.9376,619752.5070285251,621424.8219999998,621424.8219999998,621424.8219999998,0.0,5.3815349228398965e-05,0.0274798039157962,0.0009873618450817326,58415.71973628349,45967.71231565147,58415.71973628349,58415.71973628349,502.1587759908612,105201.73914556463,105350.54726082979,105350.54726082979,105350.54726082979
Dummy 2 (Pruned Random),200,1.0,0.0067582480307469845,0.37103120913753906,0.9900588261525473,476788.3759999999,346505.61143308535,476788.3759999999,476788.3759999999,409.4042,738981.7351025825,741474.8819999996,741474.8819999996,741474.8819999996,0.0,0.00011441300185222348,0.06946827942259476,0.0031626559814534982,74911.35792656319,50108.22426120063,74911.35792656319,74911.35792656319,243.45741902796883,82732.87040398188,82553.65329381655,82553.65329381655,82553.65329381655
Dummy 2 (Pruned Random),500,1.0,0.015122341032763803,0.547737665519704,0.9823588402605695,416899.804,247593.71923928038,416899.804,416899.804,168.669,920071.2403566279,923463.5939999993,923463.5939999993,923463.5939999993,0.0,0.000450637279746945,0.03509201862282692,0.0022922027825165387,131993.51158376306,80127.53395526414,131993.51158376306,131993.51158376306,126.73358785736322,97881.51803604151,98624.9196230062,98624.9196230062,98624.9196230062
Pipeline (Smart: fft),10,1.0,0.00022831919022793865,0.8944271909999157,0.8359750080831565,152293.28999999998,151325.60558841465,152293.28999999998,152293.28999999998,7.4079999999999995,1235.4866222222222,1567.2399999999998,66.08900000000001,1567.2399999999998,0.0,0.0,0.0,0.0,0.0,0.0,0.0,0.0,0.0,0.0,0.0,0.0,0.0
Pipeline (Smart: fft),20,1.0,0.000342478785341908,0.919238815542512,0.8425911001763147,152293.28999999998,151266.00412869474,152293.28999999998,152293.28999999998,7.4079999999999995,2815.6017052631582,3349.95,78.8615,3349.95,0.0,0.0,0.0,0.0,0.0,0.0,0.0,0.0,0.0,0.0,0.0,0.0,0.0
Pipeline (Smart: fft),50,1.0,0.0004946915788272004,1.4702380759591283,0.7340784431938632,152293.28999999998,150565.5757935761,152293.28999999998,152293.28999999998,6.287,17598.24327755102,22500.28,339.3504,22500.28,0.0,0.0,0.0,0.0,0.0,0.0,0.0,0.0,0.0,0.0,0.0,0.0,0.0
Pipeline (Smart: fft),100,1.0,0.0008752235625404316,1.282575533838066,0.8077734532244666,152293.28999999998,149783.94138038933,152293.28999999998,152293.28999999998,6.287,68158.0774454546,75906.82000000004,6176.653100000004,75906.82000000004,0.0,0.0,0.0,0.0,0.0,0.0,0.0,0.0,0.0,0.0,0.0,0.0,0.0
Pipeline (Smart: fft),200,1.0,0.0010654895543970471,1.6832112166926643,0.7571133011931381,656035.9499999998,611992.4038181081,656035.9499999998,656035.9499999998,2.651,78343.28536587936,89716.41999999998,5226.4621,89716.41999999998,0.0,0.0,0.0,0.0,0.0,0.0,0.0,0.0,0.0,0.0,0.0,0.0,0.0
Pipeline (Smart: fft),500,1.0,0.0021690323071654172,3.614408941998677,0.6196425743588438,643810.2699999998,582565.4128941677,643810.2699999998,643810.2699999998,2.316,372038.29976918636,501029.8999999999,1552.4851000000008,501029.8999999999,0.0,0.0,0.0,0.0,0.0,0.0,0.0,0.0,0.0,0.0,0.0,0.0,0.0
Pipeline (Smart: hybrid),10,1.0,0.0003805319837132311,0.0,0.9999999999956568,67712.67,67516.191954707,67712.67,67712.67,0.0,0.0,0.0,0.0,0.0,0.0,0.0,0.0,0.0,60096.38006669518,59742.204670280706,60096.38006669518,60096.38006669518,0.0,0.0,0.0,0.0,0.0
Pipeline (Smart: hybrid),20,1.0,0.0007610639674264622,0.0,0.9999999999933238,87191.17599999998,86750.87512166234,87191.17599999998,87191.17599999998,0.0,0.0,0.0,0.0,0.0,0.0,0.0,0.0,0.0,67622.55454688607,67112.55135157278,67622.55454688607,67622.55454688607,0.0,0.0,0.0,0.0,0.0
Pipeline (Smart: hybrid),50,1.0,0.0019026599185661553,0.0,0.9999999999872188,168738.1399999999,166780.86011675993,168738.1399999999,168738.1399999999,0.0,0.0,0.0,0.0,0.0,0.0,0.0,0.0,0.0,122729.09667000506,120290.53430817691,122729.09667000506,122729.09667000506,0.0,0.0,0.0,0.0,0.0
Pipeline (Smart: hybrid),100,1.0,0.0038053198371323107,0.0,0.9999999999782849,188636.8219999999,186161.5205990759,188636.8219999999,188636.8219999999,0.0,0.0,0.0,0.0,0.0,0.0,0.0,0.0,0.0,110049.71179914514,107396.49019301252,110049.71179914514,110049.71179914514,0.0,0.0,0.0,0.0,0.0
Pipeline (Smart: hybrid),200,1.0,0.007610639674264621,0.0,0.9999999999622522,284769.44199999986,278726.8039568625,284769.44199999986,284769.44199999986,0.0,0.0,0.0,0.0,0.0,0.0,0.0,0.0,0.0,167185.6321365845,161646.46638205866,167185.6321365845,167185.6321365845,0.0,0.0,0.0,0.0,0.0
Pipeline (Smart: hybrid),500,1.0,0.019026599185661554,0.0,0.9999999999195446,435427.2319999997,414584.4426828734,435427.2319999997,435427.2319999997,0.0,0.0,0.0,0.0,0.0,0.0,0.0,0.0,0.0,171117.27868527177,157724.80773221754,171117.27868527177,171117.27868527177,0.0,0.0,0.0,0.0,0.0
Pipeline (Smart: round_robin),10,1.0,0.0003805319837132311,0.0,0.9999999999956568,26110.206,26104.052754083794,26110.206,26110.206,0.0,0.0,0.0,0.0,0.0,0.0,0.0,0.0,0.0,22703.33108954948,22696.407332158436,22703.33108954948,22703.33108954948,0.0,0.0,0.0,0.0,0.0
Pipeline (Smart: round_robin),20,1.0,0.0007610639674264622,0.0,0.9999999999933238,58732.61999999997,58496.50109997801,58732.61999999997,58732.61999999997,0.0,0.0,0.0,0.0,0.0,0.0,0.0,0.0,0.0,57639.76453560541,57257.94642568133,57639.76453560541,57639.76453560541,0.0,0.0,0.0,0.0,0.0
Pipeline (Smart: round_robin),50,1.0,0.0019026599185661553,0.0,0.9999999999872188,143593.54399999994,142048.64269679494,143593.54399999994,143593.54399999994,0.0,0.0,0.0,0.0,0.0,0.0,0.0,0.0,0.0,102255.84731965703,100174.15227940607,102255.84731965703,102255.84731965703,0.0,0.0,0.0,0.0,0.0
Pipeline (Smart: round_robin),100,1.0,0.0038053198371323107,0.0,0.9999999999782849,151941.37599999993,150012.1406815646,151941.37599999993,151941.37599999993,0.0,0.0,0.0,0.0,0.0,0.0,0.0,0.0,0.0,94904.2240734886,92568.80184244283,94904.2240734886,94904.2240734886,0.0,0.0,0.0,0.0,0.0
Pipeline (Smart: round_robin),200,1.0,0.007610639674264621,0.0,0.9999999999622522,269611.8019999999,264486.97025701206,269611.8019999999,269611.8019999999,0.0,0.0,0.0,0.0,0.0,0.0,0.0,0.0,0.0,157204.22908660487,152859.0520543408,157204.22908660487,157204.22908660487,0.0,0.0,0.0,0.0,0.0
Pipeline (Smart: round_robin),500,1.0,0.019026599185661554,0.0,0.9999999999195446,374563.51399999985,357818.44920956437,374563.51399999985,374563.51399999985,10073.446400000004,123013.05117629499,123014.84400000001,123014.84400000001,123014.84400000001,0.0,0.0,0.0,0.0,132083.6216185035,124696.15198402162,132083.6216185035,132083.6216185035,20146.89280000001,246026.10235258998,246029.68800000005,246029.68800000005,246029.68800000005
